0.012800098044297666 0.08801959139320552
0.021506628058842753 0.08801959139320552
0.023856756439633475 0.14459560083196546
0.023856756439633475 0.14459560083196546
0.00811406651411049 0.14459560083196546
0.012800098044297666 0.08801959139320552
0.0068677613554975845 0.052772649329365304
0.023856756439633475 0.14459560083196546
0.013269933104254738 0.08801959139320552
0.03449636677869419 0.14459560083196546
0.0010607691823288472 0.05284275338900251
9.139021008905694E-121 NaN
0.023856756439633475 0.14459560083196546
0.0010607691823288472 0.05284275338900251
0.023856756439633475 0.14459560083196546
0.011139925364720898 0.05284275338900251
0.03449636677869419 0.14459560083196546
0.008915698384331528 0.14459560083196546
0.023856756439633475 0.14459560083196546
0.021506628058842753 0.052772649329365304
