0.011139925364720898 0.05284275338900251
0.012800098044297666 0.08801959139320552
0.03449636677869419 0.14459560083196546
0.023856756439633475 0.14459560083196546
0.03449636677869419 0.14459560083196546
0.012800098044297666 0.08801959139320552
4.96306452445256E-4 0.052772649329365304
0.011139925364720898 0.05284275338900251
0.03233123672460499 0.052772649329365304
0.0068677613554975845 0.052772649329365304
0.012800098044297666 0.08801959139320552
0.011139925364720898 0.05284275338900251
0.03449636677869419 0.14459560083196546
0.012800098044297666 0.08801959139320552
0.023856756439633475 0.14459560083196546
0.011139925364720898 0.05284275338900251
0.011139925364720898 0.05284275338900251
